//ID,ItemLV,RequireSkillid,Skilllv,MaterialID1,MaterialAmount1,MaterialID2,MaterialAmount2,MaterialID3,MaterialAmount3,MaterialID4,MaterialAmount4,MaterialID5,MaterialAmount5
//itemlvはグループ程度しか意味が無いのかもしれない
//skill==0だとlv判定は行いません
// 鉱石 ItemLV=16
998,16,94,1,1002,1
999,16,95,1,998,5,1003,1
1000,16,96,1,1001,10
994,16,96,1,990,10
995,16,96,1,991,10
997,16,96,1,993,10
996,16,96,1,992,10
984,16,97,1,756,3,1003,1
985,16,97,1,757,3,1003,1
// 武器 ItemLV=wLV
1101,1,99,1,998,2
1104,1,99,1,998,30
1107,1,99,1,998,45,913,25
1110,2,99,2,999,20
1113,2,99,2,999,35
1122,2,99,2,999,40,920,50
1126,3,99,3,999,5,984,8,727,1
1123,3,99,3,984,8,999,10,728,1
1119,3,99,3,984,8,999,15,718,1
1129,3,99,3,984,16,724,1
1201,1,98,1,998,1,909,10
1204,1,98,1,998,25
1207,1,98,1,998,50
1210,2,98,2,999,17
1213,2,98,2,999,30
1216,2,98,2,999,40
1219,3,98,3,984,4,999,40,726,1
1222,3,98,3,984,4,999,60,729,1
1116,1,100,1,998,35,958,15
1151,2,100,2,999,25,957,20
1154,2,100,2,999,45
1157,2,100,2,984,12,999,10
1160,3,100,3,984,12,999,20
1163,3,100,3,984,16,999,20,733,1
1301,1,101,1,998,10
1351,1,101,1,998,110
1354,2,101,2,999,30
1357,3,101,3,984,4,999,20,922,30
1360,3,101,3,984,8,999,10,719,1
1501,1,102,1,998,3
1504,1,102,1,998,30
1507,2,102,2,999,20
1510,2,102,2,999,33
1519,2,102,2,999,45
1513,3,102,3,999,85,730,1
1516,3,102,3,999,100,963,20
1522,3,102,3,999,120,968,1
1801,1,103,1,998,160,722,1
1803,2,103,2,999,50
1805,2,103,2,999,65
1807,3,103,3,984,4,723,10
1809,3,103,3,984,8,728,10
1811,3,103,3,984,4,727,10
1401,1,104,1,998,3
1404,1,104,1,998,35
1407,1,104,1,998,70
1451,2,104,2,999,25
1454,2,104,2,999,40
1457,2,104,2,999,55
1460,3,104,3,984,8,999,10,720,5
1463,3,104,3,984,12,999,10
1410,3,104,3,984,12,723,3,923,1
// ポーション ItemLV=32 MaterialID1=製造の書
501,32,228,1,7144,0,507,1,1093,1
503,32,228,1,7144,0,508,1,1093,1
504,32,228,1,7144,0,509,1,1093,1
505,32,228,1,7144,0,510,1,911,1,1093,1
605,32,228,1,7144,0,708,1,970,1,713,1
606,32,228,1,7144,0,704,1,518,1,713,1
545,32,228,1,7133,0,501,1,1092,1,952,1
546,32,228,1,7133,0,503,1,1092,1,1017,1
547,32,228,1,7133,0,504,1,1092,1,1061,1
970,32,228,1,7127,0,713,1,7033,5,905,5,1092,1
7135,32,228,1,7128,0,970,1,1059,1,713,1
7136,32,228,1,7129,0,713,1,929,1
7137,32,228,1,7130,0,713,1,1032,2
7138,32,228,1,7131,0,713,1,1050,1,1051,1
7139,32,228,1,7132,0,970,1,950,1,1044,1,713,1
12118,32,228,1,7434,0,1012,2,716,1,1093,1
12119,32,228,1,7434,0,950,3,717,1,1093,1
12120,32,228,1,7434,0,1057,3,717,1,1093,1
12121,32,228,1,7434,0,7126,2,715,1,1093,1
// コイン ItemLV=64 
671,64,385,1,7231,1
675,64,385,1,7232,1
674,64,385,1,7233,1
// 塊 ItemLV=128
// デッドリーポイズン ItemLV=256
678,256,407,1,937,1,939,1,952,1,7033,1,972,1,657,1,713,1
//コンバーター製造 ItemLV=512
12114,512,1007,1,904,3,7433,1
12115,512,1007,1,946,3,7433,1
12116,512,1007,1,947,3,7433,1
12117,512,1007,1,1013,3,7433,1

//料理 ItemLV=1000 skilllv=難易度 +○ の値を入れるといいかもしれない
//成功率 5000 + job*10 + int*10 + dex*10 + luk*10 - req_skilllv(難易度)*200;(暫定)
12041,1000,0,1,7472,0

//スクロール製造 ItemLV=1001
//成功率 4000 + job*10 + int*10 + dex*10 - req_skilllv(難易度)*200;(暫定)
686,1001,90,3,7433,1
687,1001,90,5,7433,1
688,1001,14,3,7433,1
689,1001,14,5,7433,1
690,1001,19,3,7433,1
691,1001,19,5,7433,1
692,1001,20,3,7433,1
693,1001,20,5,7433,1
694,1001,13,3,7433,1
695,1001,13,5,7433,1
696,1001,17,1,7433,1
697,1001,17,5,7433,1
698,1001,18,1,7433,1
699,1001,18,5,7433,1
700,1001,15,1,7433,1
12000,1001,15,5,7433,1
12001,1001,28,3,7433,1
12002,1001,28,5,7433,1
12003,1001,26,1,7433,1

